0.107062
0.042059
0.094602
0.077552
0.089945
0.097103
0.140213
0.114400
0.090599
0.114456
0.124660
0.056450
0.129487
0.112008
0.164960
0.112589
0.101346
0.094752
0.076718
0.111047
0.090773
0.181955
0.105294
0.107831
0.071070
0.064364
0.135204
0.107261
0.106235
0.128604
0.121083
0.094558
0.139176
0.091756
0.158796
0.099417
0.128513
0.085850
0.088215
0.102391
0.050580
0.096694
0.137857
0.093379
0.078971
0.124277
0.068304
0.036720
0.171026
0.069052
0.121958
0.146602
0.154637
0.130613
0.138812
0.113888
0.113215
0.134290
0.026771
0.061045
0.122284
0.108266
0.122479
0.062797
0.046179
0.136107
0.092067
0.109534
0.055297
0.062432
0.090492
0.076113
0.128281
0.110971
0.152785
0.112802
0.060661
0.071927
0.159556
0.142133
0.064952
0.155872
0.097990
0.041531
0.148981
0.036869
0.154445
0.053101
0.096092
0.137599
0.102741
0.116231
0.081997
0.142151
0.043366
0.102834
0.097722
0.031656
0.096454
0.104095
0.103968
0.073662
0.116618
0.133722
0.099079
0.103597
0.077177
0.078615
0.083198
0.082071
0.120813
0.145347
0.155050
0.080702
0.107205
0.118527
0.114102
0.051106
0.073957
0.082135
0.104331
0.122106
0.115955
0.169490
0.096257
0.163666
0.113738
0.101268
0.042486
0.057650
0.103253
0.077869
0.125821
0.111767
0.051704
0.021487
0.112627
0.059377
0.096694
0.103417
0.049223
0.102765
0.113820
0.107655
0.121664
0.137590
0.126864
0.069501
0.180543
0.088425
0.152229
0.096722
0.078796
0.072835
0.139860
0.204957
0.129741
0.090817
0.099396
0.099433
0.039686
0.118781
0.144068
0.093826
0.100048
0.060432
0.110422
0.099463
0.064417
0.150384
0.154618
0.106164
0.064245
0.125624
0.082357
0.124985
0.127321
0.074558
0.066187
0.140172
0.109768
0.120260
0.103279
0.158279
0.093020
0.108533
0.116161
0.112749
0.058348
0.102369
0.147842
0.111055
0.105684
0.125088
0.109231
0.079549
0.092677
0.147646
0.098252
0.178086
0.159552
0.155769
0.119978
0.034180
0.070335
0.094310
0.150059
0.143056
0.139006
0.075971
0.085861
0.126822
0.129478
0.110690
0.082148
0.118714
0.102427
0.064309
0.055965
0.148158
0.128392
0.139301
0.121995
0.142330
0.116910
0.128761
0.155152
0.129546
0.072629
0.100983
0.101577
0.092141
0.068835
0.089689
0.093798
0.146815
0.047357
0.177312
0.131402
0.107226
0.111537
0.108954
0.106588
0.130828
0.061742
0.054182
0.107527
0.130392
0.131197
0.119681
0.106058
0.111277
0.136293
0.167663
0.083286
0.060836
0.108447
0.090882
0.131725
0.100234
0.146083
0.066876
0.141571
0.034301
0.083682
0.090325
0.088552
0.087089
0.089293
0.078896
0.121143
0.080482
0.164814
0.142004
0.104717
0.096227
0.069283
0.058381
0.120125
0.093997
0.050294
0.051508
0.118789
0.108489
0.087718
0.066027
0.125131
0.083675
0.155935
0.063012
0.152544
0.045412
0.100408
0.100241
0.135573
0.089775
0.085839
0.188210
0.125107
0.117823
0.112449
0.117629
0.116727
0.150628
0.152522
0.119948
0.128245
0.184347
0.142239
0.064113
0.121224
0.119641
0.085108
0.114594
0.115027
0.107655
0.088255
0.145440
0.104096
0.093341
0.067607
0.137411
0.115283
0.189768
0.128997
0.096691
0.147533
0.081160
0.099244
0.165000
0.066095
0.112440
0.174183
0.129922
0.120527
0.092005
0.114585
0.127137
0.056844
0.130450
0.137065
0.124661
0.089678
0.087817
0.070706
0.129740
0.095641
0.085230
0.085780
0.131424
0.071965
0.101589
0.070013
0.095385
0.121501
0.176389
0.105886
0.113566
0.129384
0.103818
0.096996
0.117478
0.053183
0.109148
0.131638
0.129254
0.138949
0.077182
0.113998
0.126525
0.138779
0.077080
0.079370
0.157374
0.030332
0.086023
0.092988
0.110295
0.130762
0.121350
0.094808
0.142765
0.048622
0.102051
0.105321
0.083075
0.075382
0.076162
0.079119
0.113205
0.111860
0.076262
0.044465
0.095682
0.118990
0.125250
0.092637
0.095965
0.117617
0.088790
0.126233
0.067217
0.142916
0.111106
0.160008
0.138249
0.120979
0.079723
0.077571
0.106090
0.113556
0.096832
0.073439
0.099059
0.040827
0.046674
0.103900
0.051572
0.059829
0.091124
0.092075
0.066212
0.129704
0.113086
0.135868
0.106254
0.096203
0.104421
0.113652
0.069249
0.067878
0.065502
0.070626
0.109179
0.134891
0.121795
0.116740
0.055633
0.131855
0.131302
0.157222
0.091270
0.077585
0.125583
0.042614
0.084062
0.120416
0.056182
0.101907
0.109495
0.075335
0.146918
0.141645
0.117109
0.077785
0.073004
0.144848
0.064570
0.067296
0.084998
0.094371
0.097061
0.076217
0.080152
0.102830
0.096864
0.128914
0.068196
0.107996
0.110087
0.037155
0.075645
0.051569
0.115058
0.162715
0.114018
0.086110
0.061229
0.143589
0.050433
0.137711
0.076962
0.124869
0.097262
0.121123
0.091533
0.087826
0.152162
0.069423
0.097726
0.090887
0.163612
0.140056
0.082712
0.136346
0.043373
0.093917
0.085683
0.146855
0.070256
0.084556
0.136672
0.080370
0.133651
0.041456
0.067085
0.104102
0.061751
0.053093
0.041823
0.241305
0.141664
0.116210
0.171318
0.121110
0.143791
0.106567
0.080300
0.138934
0.082893
0.047222
0.068685
0.140951
0.088931
0.107201
0.065854
0.084631
0.114154
0.074138
0.132073
0.124643
0.094708
0.066668
0.078214
0.119367
0.054433
0.081379
0.083757
0.105719
0.086988
0.181136
0.100416
0.095018
0.106942
0.069175
0.073516
0.092534
0.098191
0.120438
0.103157
0.167581
0.051459
0.095687
0.083209
0.084886
0.103062
0.142045
0.115235
0.090632
0.095236
0.117914
0.082450
0.050640
0.086486
0.106304
0.104887
0.130712
0.131903
0.110245
0.157392
0.078612
0.104733
0.089151
0.103834
0.093194
0.138921
0.103661
0.116281
0.113294
0.131717
0.061467
0.070166
0.080233
0.081308
0.144183
0.079734
0.106401
0.108357
0.088677
0.058175
0.125594
0.116522
0.145433
0.124634
0.042989
0.062447
0.116648
0.100705
0.101580
0.075800
0.121286
0.060157
0.133126
0.089211
0.117665
0.053232
0.077635
0.115856
0.122492
0.099995
0.071344
0.096339
0.126129
0.066865
0.122448
0.100315
0.147412
0.070777
0.101464
0.112673
0.081710
0.161635
0.077233
0.127821
0.118019
0.130721
0.132155
0.125602
0.075416
0.138677
0.166030
0.133541
0.068981
0.105968
0.129755
0.067299
0.132572
0.039368
0.086605
0.113582
0.109850
0.067321
0.095710
0.045352
0.090820
0.102065
0.075304
0.090191
0.069109
0.060558
0.130933
0.074076
0.088564
0.116853
0.082021
0.129784
0.110376
0.157200
0.132016
0.073216
0.103788
0.127625
0.075272
0.097227
0.061105
0.047534
0.081699
0.153054
0.079863
0.151831
0.076993
0.092925
0.122769
0.088052
0.139250
0.063145
0.093020
0.114226
0.058634
0.140701
0.016760
0.084616
0.169503
0.035513
0.041235
0.115649
0.104206
0.115820
0.069429
0.031171
0.082037
0.069051
0.091592
0.115710
0.175208
0.110408
0.083729
0.088014
0.105064
0.146879
0.073001
0.083428
0.104560
0.162020
0.101642
0.093529
0.081395
0.131119
0.110353
0.086978
0.130254
0.068157
0.098080
0.095514
0.109621
0.030937
0.112571
0.126586
0.133419
0.113058
0.136082
0.102429
0.077085
0.109731
0.126105
0.101933
0.150043
0.087307
0.052960
0.118073
0.135755
0.078618
0.142835
0.122170
0.153213
0.090456
0.086030
0.091022
0.108361
0.107569
0.135416
0.104042
0.103826
0.101087
0.166210
0.094472
0.060113
0.099641
0.124835
0.141667
0.119673
0.100116
0.097760
0.057747
0.063846
0.106712
0.116118
0.196634
0.157361
0.097493
0.124548
0.082399
0.076876
0.104954
0.083019
0.078461
0.136164
0.089301
0.154886
0.079746
0.105040
0.176423
0.125170
0.101852
0.153352
0.101221
0.073826
0.075065
0.109168
0.123794
0.123244
0.106091
0.125229
0.087496
0.139238
0.052804
0.139659
0.124031
0.098207
0.104587
0.085063
0.105746
0.134852
0.143779
0.130991
0.166975
0.103572
0.111457
0.042491
0.128761
0.033603
0.129512
0.093250
0.157020
0.110172
0.051742
0.098819
0.092681
0.115925
0.087749
0.046364
0.110726
0.128514
0.033416
0.130822
0.165517
0.135054
0.137145
0.102090
0.096668
0.042171
0.113028
0.119113
0.026178
0.172332
0.132916
0.096358
0.120081
0.083439
0.049361
0.107937
0.060548
0.118486
0.055540
0.121288
0.089732
0.040581
0.034875
0.080062
0.144575
0.082297
0.077559
0.191572
0.120289
0.087647
0.094938
0.092755
0.044444
0.103487
0.104798
0.114112
0.078276
0.099930
0.132971
0.094881
0.110963
0.080570
0.127272
0.178934
0.080346
0.138702
0.082351
0.078930
0.112217
0.075462
0.128908
0.131078
0.126457
0.014173
0.093268
0.122553
0.099162
0.091336
0.143734
0.130136
0.155756
0.157721
0.054402
0.042638
0.093457
0.097440
0.141215
0.101410
0.096779
0.095645
0.006685
0.111836
0.154772
0.098770
0.069658
0.095967
0.085388
0.105229
0.128678
0.134120
0.112842
0.087492
0.061866
0.127726
0.112263
0.098452
0.082730
0.116495
0.140574
0.090008
0.134297
0.036666
0.122862
0.069561
0.114868
0.064778
0.156496
0.063200
0.164396
0.178901
0.110807
0.076836
0.094448
0.088774
0.046128
0.089223
0.144305
0.147148
0.063276
0.140470
0.126696
0.070017
0.133647
0.060123
0.158329
0.187022
0.118492
0.082160
0.113754
0.088026
0.096693
0.037538
0.153331
0.083192
0.045118
0.070661
0.109294
0.131392
0.070459
0.072176
0.129039
0.112794
0.096754
0.052059
0.135121
0.093314
0.079053
0.062338
0.098139
0.125108
0.056150
0.091709
0.158240
0.114202
0.146678
0.102771
0.090553
0.040722
0.140006
0.066979
0.068934
0.093213
0.092861
0.163788
0.185532
0.163988
0.089656
0.079069
0.202616
0.069358
0.101298
0.077973
0.124206
0.095464
0.139601
0.065607
0.084351
0.140864
0.083675
0.090080
0.109402
0.102789
0.134195
0.115178
0.091477
0.136474
0.109782
0.071774
0.107842
0.096990
0.162824
0.143736
0.090759
0.058193
0.051228
0.134918
0.087808
0.123221
0.092327
0.087203
0.060337
0.137076
0.109364
0.076753
0.117746
0.123324
0.027392
0.097015
0.093686
0.092599
0.090584
0.060057
0.153187
0.152762
0.070527
0.135491
0.084229
0.096758
0.120795
0.088940
0.120258
0.120762
0.006803
0.109970
0.108510
0.112813
0.027127
0.103680
0.093055
0.089201
0.153661
0.104613
0.124913
0.098101
0.104975
0.121081
0.066634
0.048276
0.115698
0.115576
0.145714
0.093025
0.110984
0.120039
0.135889
0.118804
0.070040
0.040772
0.105021
0.122766
0.076129
0.085390
0.087115
0.070824
0.098411
0.092361
0.103907
0.098146
0.087376
0.159204
0.118743
0.139170
0.084009
0.057089
0.116590
0.091775
0.137153
0.058944
0.117274
0.119187
0.033305
0.069342
0.107540
0.132354
0.084616
0.142539
0.056956
0.077531
0.086963
0.141210
0.089678
0.116349
0.088115
0.103587
0.084321
0.098271
0.072635
0.133949
0.037364
0.092883
0.146092
0.063215
0.086663
0.040745
0.152543
0.066554
0.094515
0.165938
0.081008
0.116674
0.120325
0.129021
0.085142
0.084691
0.094546
0.106003
0.065054
0.124911
0.069310
0.131391
0.069699
0.101560
0.109667
0.137171
0.129900
0.109165
0.150848
0.098160
0.125128
0.228378
0.070551
0.147397
0.094188
0.099426
0.105785
0.085153
0.076685
0.087430
0.054318
0.112502
0.116418
0.185711
0.057023
0.027974
0.112515
0.099704
0.028945
0.082084
0.164142
0.093426
0.136322
0.099319
0.060162
0.091823
0.165130
0.051849
0.075647
0.147374
0.052900
0.093487
0.100978
0.066850
0.119896
0.102895
0.084248
0.185817
0.080784
0.051070
0.137879
0.114629
0.056891
0.148651
0.141212
0.058423
0.085676
0.079674
0.077698
0.117458
0.150508
0.052696
0.150458
0.084580
0.124692
0.170858
0.052828
0.107967
0.075197
0.143450
0.112772
0.104900
0.117957
0.085360
0.112749
0.088815
0.127712
0.169045
0.062861
0.102869
0.105164
0.130435
0.116504
0.097533
0.112027
0.131429
0.088751
0.131320
0.071177
0.088886
0.123814
0.146429
0.089923
0.156277
0.136110
0.046042
0.074080
0.135182
0.121156
0.139160
0.101477
0.106826
0.068941
0.138276
0.158183
0.118184
0.097972
0.112921
0.114212
0.124605
0.156375
0.123206
0.098558
0.121293
0.110623
0.060374
0.117169
0.108138
0.075505
0.131231
0.146720
0.117469
0.107728
0.135631
0.073281
0.096592
0.104649
0.101230
0.140522
0.130738
0.115215
0.147067
0.091336
0.127941
0.065601
0.149227
0.116294
0.110122
0.102442
0.095667
0.077362
0.116313
0.161281
0.072102
0.097343
0.104129
0.133713
0.121204
0.074634
0.031793
0.154661
0.150242
0.068997
0.086843
0.100237
0.113881
0.074584
0.103649
0.130497
0.074321
0.119599
0.114089
0.125259
0.100693
0.118068
0.089635
0.122846
0.093624
0.111525
0.160176
0.041459
0.108104
0.155906
0.135250
0.099271
0.094294
0.148757
0.071072
0.128808
0.114666
0.118464
0.098693
0.098370
0.154664
0.063979
0.157133
0.157163
0.054350
0.107027
0.051068
0.107971
0.126788
0.118522
0.133279
0.180259
0.038699
0.064317
0.156293
0.122588
0.113555
0.103875
0.142243
0.126283
0.119440
0.155241
0.082095
0.045133
0.107683
0.092558
0.097612
0.120829
0.105799
0.077948
0.127364
0.145145
0.061445
0.062637
0.022764
0.182448
0.139882
0.160333
0.060076
0.160941
0.108203
0.120236
0.063713
0.149134
0.111716
0.076118
0.075812
0.111871
0.126027
0.085564
0.050249
0.157332
0.090930
0.108410
0.062359
0.157994
0.140086
0.097411
0.082179
0.159929
0.100671
0.115945
0.090768
0.086529
0.117987
0.124542
0.020546
0.108096
0.086255
0.074903
0.124912
0.112121
0.071134
0.071932
0.086508
0.089179
0.026651
0.041817
0.106569
0.116684
0.131298
0.132769
0.152275
0.141732
0.072153
0.099742
0.084807
0.124190
0.082230
0.031873
0.079858
0.127525
0.085429
0.151348
0.081414
0.131734
0.101722
0.125497
0.120635
0.118590
0.142390
0.076825
0.111284
0.136744
0.068554
0.123600
0.098528
0.111437
0.054281
0.088990
0.133927
0.126701
0.089907
0.058845
0.132004
0.080127
0.041175
0.089536
0.122150
0.130888
0.087533
0.088522
0.061736
0.141648
0.148830
0.124862
0.093494
0.125330
0.114272
0.070074
0.058512
0.118768
0.123339
0.097371
0.086632
0.097370
0.112518
0.058467
0.150171
0.079321
0.092924
0.084186
0.141856
0.083384
0.065776
0.139814
0.127715
0.117117
0.053977
0.076957
0.104075
0.085674
0.179031
0.075562
0.108213
0.120760
0.142403
0.098024
0.054295
0.127586
0.118816
0.069764
0.143788
0.081678
0.125363
0.132791
0.162359
0.086299
0.077027
0.126347
0.136966
0.118513
0.118015
0.095778
0.119734
0.079622
0.134934
0.156795
0.127503
0.103088
0.135782
0.086451
0.124369
0.175611
0.121118
0.108755
0.109515
0.067486
0.128993
0.083070
0.023336
0.121863
0.159109
0.047987
0.123043
0.156537
0.095536
0.044956
0.107400
0.108894
0.029293
0.082670
0.081090
0.132420
0.097655
0.073364
0.119386
0.126675
0.149158
0.080876
0.049458
0.130518
0.089803
0.139855
0.125314
0.112862
0.070482
0.096556
0.093621
0.100648
0.051649
0.073216
0.100127
0.073640
0.097550
0.141354
0.127403
0.166512
0.111288
0.079519
0.106555
0.144007
0.092428
0.130675
0.094574
0.039607
0.125838
0.105047
0.132602
0.099551
0.097771
0.086603
0.073337
-0.000712
0.095852
0.143362
0.106054
0.122911
0.129269
0.078813
0.079154
0.089048
0.153727
0.170082
0.106074
0.066034
0.115614
0.127989
0.128490
0.122806
0.060502
0.123091
0.059774
0.171362
0.103613
0.139451
0.133292
0.165977
0.101475
0.062591
0.134917
0.086961
0.088303
0.097352
0.147460
0.111309
0.108367
0.163023
0.133665
0.096914
0.118255
0.054914
0.080634
0.075113
0.080431
0.082879
0.061313
0.077561
0.125812
0.071591
0.129616
0.076325
0.095784
0.044215
0.070904
0.171991
0.085663
0.065893
0.052483
0.056956
0.067334
0.083317
0.138664
0.078476
0.089011
0.071847
0.103841
0.171612
0.120417
0.098354
0.064537
0.067338
0.127210
0.031235
0.062337
0.105093
0.129302
0.119618
0.110335
0.110956
0.147945
0.098336
0.092761
0.089577
0.098749
0.104926
0.067203
0.117942
0.086912
0.118826
0.125471
0.099826
0.098437
0.139916
0.085408
0.053151
0.165628
0.119540
0.106316
0.115873
0.121946
0.069187
0.092702
0.160008
0.113871
0.079094
0.090652
0.081094
0.097134
0.136762
0.086694
0.083774
0.069003
0.057375
0.151093
0.130857
0.096704
0.089278
0.114512
0.155538
0.164295
0.114481
0.067576
0.117341
0.111937
0.171543
0.062373
0.034207
0.118955
0.096875
0.104660
0.156451
0.066508
0.116164
0.153280
0.116239
0.100354
0.107842
0.021207
0.115956
0.053960
0.070231
0.055705
0.092295
0.129495
0.088362
0.087423
0.077455
0.125483
0.136221
0.097989
0.082676
0.127983
0.060924
0.021862
0.108483
0.165552
0.041362
0.153015
0.143054
0.124171
0.138318
0.041595
0.068566
0.116736
0.100781
0.122640
0.130691
0.082437
0.098926
0.108590
0.106467
0.166408
0.086701
0.080017
0.119865
0.115534
0.092790
0.111502
0.109685
0.077636
0.046435
0.059063
0.094188
0.132853
0.143118
0.101823
0.184099
0.031472
0.096197
0.131777
0.139250
0.098427
0.095714
0.115065
0.141719
0.121001
0.087060
-0.003243
0.116413
0.099281
0.117201
0.149881
0.078604
0.109568
0.116789
0.092571
0.088194
0.126580
0.087080
0.100714
0.076908
0.115193
0.077351
0.129500
0.080842
0.058984
0.084266
0.075979
0.145610
0.140690
0.099273
0.119002
0.110309
0.117348
0.089840
0.110065
0.094038
0.057629
0.071236
0.085453
0.126729
0.128514
0.150863
0.096033
0.033811
0.105949
0.057347
0.091912
0.107933
0.056025
0.103823
0.088001
0.104418
0.059484
0.098400
0.055395
0.076507
0.035404
0.127815
0.093762
0.091529
0.114895
0.101629
0.129643
0.062173
0.068953
0.161106
0.110949
0.107726
0.059392
0.151337
0.144472
0.040939
0.100992
0.117047
0.078462
0.131078
0.123822
0.084554
0.110292
0.089357
0.129466
0.151647
0.129749
0.097695
0.103452
0.174607
0.095182
0.093879
0.183917
0.054695
0.115299
0.071010
0.034429
0.114205
0.090299
0.131920
0.071753
0.119134
0.117007
0.093298
0.075268
0.134122
0.148377
0.134176
0.196468
0.128550
0.101933
0.102356
0.117402
0.072916
0.052291
0.046517
0.154563
0.135838
0.098988
0.137166
0.117497
0.075013
0.110428
0.069231
0.108876
0.084977
0.079842
0.138799
0.147475
0.110362
0.099897
0.111801
0.055254
0.096031
0.092531
0.058796
0.111918
0.177389
0.062360
0.105910
0.028435
0.021807
0.105267
0.116359
0.026032
0.087061
0.059454
0.041428
0.084702
0.047863
0.092133
0.165966
0.094206
0.129493
0.123998
0.076904
0.098212
0.067193
0.131832
0.119900
0.100709
0.096206
0.120565
0.130598
0.072245
0.107571
0.071737
0.124614
0.164020
0.131764
0.092431
0.113875
0.133681
0.116456
0.129067
0.153014
0.070112
0.093306
0.131241
0.112457
0.164044
0.060660
0.080341
0.188879
0.046465
0.166104
0.101282
0.153784
0.106288
0.110805
0.098910
0.123725
0.075773
0.058137
0.097659
0.170463
0.119881
0.026628
0.114470
0.080019
0.126258
0.068626
0.062078
0.142298
0.086586
0.037896
0.181142
0.089522
0.125383
0.079920
0.119041
0.123350
0.132025
0.048172
0.130623
0.060087
0.159280
0.100291
0.117589
0.043475
0.077812
0.194751
0.052244
0.048961
0.127598
0.064308
0.029425
0.086916
0.054693
0.150591
0.089950
0.082606
0.128637
0.138151
0.114617
0.012906
0.054810
0.125231
0.120369
0.089452
0.081558
0.115005
0.040687
0.119062
0.086361
0.116031
0.118419
0.165212
0.103204
0.102083
0.086327
0.128601
0.111983
0.108385
0.112314
0.101142
0.082705
0.019460
0.114734
0.132620
0.073994
0.048749
0.113489
0.092930
0.101398
0.113262
0.100501
0.155191
0.089641
0.147166
0.097371
0.074423
0.123085
0.097615
0.054031
0.144449
0.111422
0.099046
0.145886
0.113305
0.074164
0.090104
0.111748
0.050760
0.110985
0.086892
0.142904
0.092845
0.128607
0.138780
0.092975
0.151094
0.146841
0.084213
0.086887
0.078078
0.119262
0.079026
0.118724
0.076047
0.122872
0.108555
0.113589
0.059087
0.064928
0.082107
0.139142
0.103422
0.055258
0.122441
0.059857
0.065847
0.133522
0.093290
0.134251
0.082182
0.066246
0.039544
0.128291
0.145872
0.056501
0.122411
0.079485
0.116722
0.091760
0.109708
0.152034
0.129728
0.103667
0.095895
0.134422
0.151038
0.121411
0.121022
0.092038
0.136826
0.071293
0.107053
0.098009
0.106963
0.109302
0.077431
0.046697
0.092527
0.124927
0.152659
0.093828
0.124348
0.093403
0.113959
0.126448
0.115233
0.144595
0.091181
0.132842
0.123567
0.107079
0.155087
0.084102
0.113351
0.117797
0.122518
0.091393
0.106475
0.152100
0.083727
0.113583
0.159128
0.115948
0.131887
0.079483
0.141218
0.128157
0.150635
0.183299
0.078081
0.124450
0.088438
0.076906
0.115994
0.114421
0.119831
0.087166
0.115179
0.057431
0.053898
0.090300
0.123534
0.137708
0.068759
0.091080
0.131075
0.087296
0.101224
0.070876
0.014120
0.141220
0.104955
0.061336
0.075954
0.097307
0.081108
0.089875
0.071807
0.134915
0.094512
0.064722
0.048606
0.153589
0.125802
0.078321
0.133115
0.106260
0.085119
0.125110
0.154388
0.159865
0.060515
0.121998
0.119645
0.125713
0.145972
0.099939
0.076682
0.143608
0.137120
0.092581
0.126596
0.055143
0.092461
0.086779
0.068723
0.091248
0.093062
0.143129
0.048722
0.077181
0.091498
0.079715
0.148280
0.123723
0.108780
0.098370
0.098276
0.080566
0.063244
0.133713
0.158764
0.150303
0.032237
0.115929
0.081359
0.090320
0.133105
0.081751
0.134316
0.053543
0.042534
0.078343
0.027965
0.056928
0.133972
0.067672
0.107497
0.146348
0.135793
0.052239
0.106634
0.105112
0.119193
0.086933
0.074611
0.136799
0.173995
0.090827
0.086020
0.140845
0.062600
0.137101
0.104180
0.118615
0.113351
0.184355
0.106340
0.113591
0.096049
0.130753
0.097976
0.091915
0.143299
0.095516
0.145855
0.068181
0.084759
0.119902
0.098806
0.134732
0.070083
0.082854
0.140679
0.117480
0.088667
0.163703
0.045829
0.071819
0.131915
0.085278
0.100179
0.082889
0.089255
0.063981
0.064507
0.187115
0.116550
0.103657
0.155633
0.070715
0.066428
0.126631
0.124886
0.150311
0.141505
0.116321
0.143372
0.084653
0.092873
0.152224
0.072665
0.096914
0.136174
0.125061
0.093531
0.044429
0.111854
0.061087
0.081677
0.114128
0.145008
0.093206
0.110970
0.120417
0.113709
0.085455
0.086296
0.088216
0.120475
0.080456
0.178369
0.099867
0.073788
0.140895
0.085969
0.169200
0.050635
0.143456
0.097466
0.100295
0.077371
0.135616
0.071974
0.124685
0.095896
0.121627
0.104829
0.114977
0.092771
0.077601
0.094070
0.110324
0.112968
0.108203
0.105638
0.142264
0.145427
0.087820
0.118709
0.122025
0.113814
0.159978
0.122155
0.073970
0.060160
0.113955
0.148204
0.051614
0.096995
0.085536
0.127955
0.074478
0.102085
0.043677
0.102463
0.043316
0.112101
0.074073
0.125572
0.123345
0.130656
0.086685
0.064013
0.117162
0.055273
0.070236
0.120952
0.130046
0.111747
0.038633
0.186241
0.143053
0.110697
0.064653
0.069257
0.102086
0.097077
0.100827
0.043870
0.108876
0.092691
0.100512
0.104476
0.075158
0.088222
0.182873
0.119825
0.098818
0.130125
0.149596
0.066821
0.075881
0.103442
0.074761
0.145466
0.055573
0.169522
0.063533
0.070821
0.105829
0.042391
0.092285
0.154735
0.065957
0.116130
0.088536
0.076959
0.092056
0.129495
0.111763
0.113187
0.112594
0.095692
0.065249
0.120024
0.165042
0.163022
0.088556
0.116204
0.088403
0.098064
0.079192
0.107806
0.091812
0.048986
0.132389
0.121274
0.041153
0.145726
0.098385
0.047361
0.130616
0.177464
0.140633
0.045821
0.100426
0.092540
0.136919
0.111032
0.129871
0.146775
0.066004
0.123038
0.072276
0.128701
0.126041
0.080095
0.065753
0.087308
0.143674
0.130954
0.149456
0.176574
0.120998
0.087835
0.063455
0.131140
0.105072
0.131748
0.082019
0.088335
0.098566
0.094955
0.155702
0.107718
0.168121
0.086906
0.155474
0.065645
0.096673
0.139541
0.102606
0.059578
0.025127
0.128230
0.081530
0.112381
0.050129
0.085677
0.095091
0.113098
0.108084
0.116226
0.093663
0.112499
0.129691
0.139325
0.086697
0.107928
0.147307
0.139242
0.074414
0.115601
0.118531
0.085699
0.132954
0.088335
0.116117
0.114119
0.113137
0.076305
0.011472
0.129190
0.119330
0.141403
0.161744
0.138767
0.112814
0.167712
0.064932
0.133105
0.077838
0.075875
0.117070
0.102573
0.084621
0.066171
0.091256
0.082949
0.146624
0.114278
0.059469
0.105184
0.079237
0.040365
0.052815
0.079866
0.110849
0.073483
0.067030
0.100446
0.131524
0.084145
0.124274
0.112532
0.108597
0.055014
0.087961
0.061582
0.110403
0.117577
0.088717
0.111524
0.088621
0.152935
0.162098
0.104145
0.118146
0.096603
0.069139
0.123938
0.169079
0.075903
0.134752
0.093599
0.067781
0.123205
0.118906
0.066819
0.111885
0.118684
0.077774
0.100805
0.120908
0.069714
0.119721
0.112535
0.081298
0.056322
0.139871
0.119363
0.122640
0.120778
0.114896
0.100514
-0.010852
0.095131
0.120228
0.114835
0.132698
0.158942
0.125771
0.062914
0.061159
0.160511
0.106964
0.061378
0.097802
0.110922
0.106723
0.141726
0.093277
0.127439
0.052635
0.128167
0.135109
0.114942
0.070074
0.118937
0.073913
0.076543
0.102392
0.096726
0.149479
0.070947
0.050985
0.159108
0.155778
0.105765
0.156221
0.073785
0.034174
0.139404
0.082530
0.148710
0.121772
0.140894
0.108753
0.118166
0.075728
0.084901
0.069537
0.140830
0.129969
0.043911
0.120474
0.124559
0.112461
0.104816
0.063978
0.059939
0.096109
0.085054
0.094742
0.159194
0.122413
0.069184
0.091202
0.108105
0.057544
0.174933
0.126389
0.098671
0.108104
0.118881
0.136491
0.125251
0.162055
0.135793
0.146956
0.090843
0.137152
0.111566
0.083034
0.130831
0.112615
0.086518
0.118094
0.129839
0.098597
0.110290
0.161763
0.105409
0.068679
0.132278
0.101492
0.150680
0.115307
0.088500
0.084982
0.126436
0.097381
0.137133
0.072122
0.104309
0.148499
0.062605
0.100641
0.125723
0.091602
0.132586
0.118842
0.044466
0.137073
0.122634
0.126093
0.034108
0.128244
0.131646
0.104319
0.115177
0.152436
0.134654
0.070238
0.127464
0.125338
0.046148
0.117009
0.121554
0.092461
0.113597
0.122077
0.104503
0.079587
0.102964
0.115015
0.086323
0.104762
0.063592
0.055908
0.137630
0.082649
0.116641
0.063707
0.134644
0.089284
0.103793
0.139575
0.083819
0.124891
0.013254
0.078830
0.193784
0.108873
0.130596
0.084932
0.090195
0.087537
0.098110
0.130004
0.124134
0.040920
0.078607
0.028401
0.126562
0.050451
0.123470
0.153141
0.144286
0.103140
0.122539
0.077032
0.140938
0.061990
0.137709
0.104818
0.111675
0.122084
0.134679
0.079959
0.117457
0.089677
0.121712
0.127803
0.108152
0.055004
0.178310
0.159981
0.089089
0.112969
0.056710
0.114086
0.089089
0.117216
0.110903
0.102703
0.061623
0.053378
0.112362
0.075080
0.097863
0.044499
0.132298
0.076252
0.107130
0.119791
0.127769
0.092199
0.022873
0.128267
0.121413
0.085686
0.076198
0.045486
0.080648
0.091730
0.129072
0.129044
0.155250
0.128024
0.054471
0.123042
0.078629
0.101682
0.097927
0.088626
0.069039
0.137805
0.111753
0.130848
0.135000
0.052657
0.148374
0.103222
0.048455
0.075737
0.122545
0.051635
0.078918
0.112629
0.069044
0.085394
0.097922
0.140585
0.044568
0.137139
0.108050
0.103456
0.112039
0.107071
0.061726
0.038407
0.152555
0.057616
0.053700
0.148744
0.060977
0.125526
0.117014
0.114500
0.143245
0.052798
0.088453
0.170918
0.153541
0.051524
0.087877
0.121823
0.114203
0.061465
0.101460
0.095600
0.087982
0.098669
0.110102
0.121833
0.121089
0.134987
0.112802
0.106432
0.062147
0.020969
0.085210
0.172456
0.102991
0.128530
0.091144
0.103590
0.057349
0.112969
0.101895
0.079684
0.115407
0.130287
0.129952
0.116331
0.218682
0.066319
0.134039
0.093530
0.160306
0.081027
0.054459
0.044445
0.059631
0.101134
0.136132
0.137314
0.072125
0.123359
0.129091
0.142240
0.158839
0.152551
0.161933
0.075552
0.089191
0.096519
0.103529
0.117576
0.120899
0.095715
0.086060
0.040453
0.141733
0.064268
0.081783
0.085761
0.029652
0.090379
0.047920
0.099263
0.143301
0.131667
0.100542
0.097274
0.083726
0.159098
0.062249
0.104326
0.127972
0.084754
0.133004
0.084511
0.118201
0.094928
0.096303
0.122381
0.118765
0.130291
0.105099
0.016396
0.054435
0.069863
0.110353
0.078821
0.043711
0.089862
0.126590
0.132105
0.141394
0.073423
0.127951
0.117096
0.090809
0.093129
0.050171
0.113732
0.130588
0.067198
0.098023
0.108460
0.128131
0.120210
0.111896
0.084928
0.135718
0.140020
0.090498
0.107761
0.119501
0.122603
0.093696
0.182342
0.100538
0.135498
0.101461
0.123593
0.119672
0.132532
0.136593
0.075987
0.132385
0.079364
0.077893
0.140519
0.085920
0.099565
0.119162
0.102612
0.102193
0.053783
0.086255
0.066017
0.091167
0.118775
0.063964
0.124052
0.089988
0.098030
0.147384
0.147624
0.133856
0.115903
0.103048
0.131242
0.086111
0.049183
0.133942
0.086480
0.121806
0.110041
0.065383
0.117621
0.081018
0.123619
0.093323
0.070359
0.079305
0.107519
0.062581
0.085685
0.073651
0.091862
0.087511
0.108570
0.049105
0.081601
0.157787
0.120529
0.066023
0.101381
0.125627
0.103136
0.115448
0.110269
0.109442
0.172872
0.119110
0.070342
0.119971
0.080843
0.059952
0.118375
0.096175
0.108712
0.161696
0.082591
0.151454
0.107296
0.121928
0.121347
0.097864
0.148616
0.152848
0.079478
0.066229
0.098770
0.176875
0.085626
0.114886
0.088118
0.165586
0.124449
0.074960
0.139670
0.135651
0.047896
0.142244
0.064243
0.061656
0.061190
0.136980
0.116154
0.057469
0.129957
0.104909
0.116742
0.089998
0.108600
0.096399
0.143896
0.083791
0.083851
0.129081
0.105737
0.126397
0.133510
0.046594
0.039409
0.134811
0.117241
0.105395
0.122341
0.133558
0.070156
0.175212
0.145991
0.142285
0.144514
0.085835
0.089964
0.116954
0.113832
0.030549
0.152131
0.066972
0.101789
0.050148
0.116482
0.079338
0.080408
0.104149
0.104215
0.117801
0.138203
0.115380
0.111721
0.118076
0.057097
0.035270
0.141498
0.112802
0.086333
0.085126
0.046253
0.060107
0.090554
0.144219
0.103588
0.184952
0.084966
0.097048
0.058550
0.097167
0.119123
0.125334
0.097253
0.101312
0.143286
0.146475
0.094693
0.157355
0.079128
0.108412
0.108424
0.111532
0.116973
0.129775
0.130213
0.092625
0.147897
0.159044
0.131515
0.118839
0.146920
0.173020
0.047770
0.076581
0.083438
0.079792
0.132530
0.047632
0.090553
0.147739
0.127373
0.165783
0.094978
0.098978
0.131934
0.114582
0.073947
0.050304
0.119130
0.074035
0.117618
0.112895
0.169733
0.090280
0.095585
0.092836
0.086743
0.084347
0.063099
0.111703
0.019186
0.113486
0.088718
0.080552
0.134751
0.139137
0.068603
0.132947
0.115090
0.040387
0.052557
0.087304
0.084556
0.175248
0.113004
0.058897
0.099320
0.144830
0.075328
0.081001
0.048133
0.122635
0.101946
0.111385
0.151962
0.117135
0.075841
0.072995
0.099390
0.097887
0.075551
0.108207
0.081883
0.114879
0.082601
0.123447
0.120210
0.072335
0.090445
0.045622
0.144270
0.140578
0.143225
0.084383
0.153364
0.086303
0.133204
0.056855
0.192889
0.083947
0.137673
0.056649
0.073121
0.098914
0.117662
0.108123
0.122338
0.156753
0.079854
0.041315
0.137782
0.064173
0.079579
0.064706
0.134333
0.100751
0.124430
0.111678
0.072136
0.135409
0.132692
0.096499
0.080560
0.095263
0.108024
0.106081
0.085909
0.109197
0.111603
0.123746
0.114466
0.133357
0.135043
0.056434
0.134263
0.052196
0.121614
0.143552
0.072992
0.115779
0.134708
0.057378
0.114030
0.095514
0.152469
0.141397
0.102748
0.143315
0.116083
0.143539
0.091660
0.072786
0.082704
0.130642
0.072582
0.088504
0.093360
0.084226
0.126141
0.133522
0.047553
0.110785
0.107207
0.161939
0.113533
0.148853
0.131206
0.110314
0.118904
0.105673
0.111938
0.096577
0.103485
0.153706
0.119854
0.114088
0.150841
0.144313
0.075192
0.106609
0.057919
0.080286
0.079345
0.136531
0.101684
0.037872
0.130983
0.101526
0.118782
0.124936
0.091109
0.115778
0.045529
0.106572
0.124753
0.118211
0.079347
0.033448
0.145180
0.134009
0.105785
0.062218
0.069009
0.124107
0.127949
0.095844
0.093223
0.066673
0.133477
0.080263
0.128101
0.133621
0.128483
0.080539
0.106141
0.091680
0.072078
0.125646
0.104802
0.106939
0.084182
0.123285
0.119291
0.139817
0.074750
0.145391
0.093867
0.140910
0.071134
0.135972
0.127574
0.018560
0.064448
0.146935
0.081355
0.114575
0.139030
0.071858
0.114189
0.131911
0.132050
0.085996
0.202334
0.106573
0.139275
0.123747
0.075465
0.167431
0.105398
0.115540
0.112159
0.114659
0.029286
0.109344
0.115288
0.096484
0.161557
0.095449
0.099429
0.142655
0.116014
0.096655
0.076225
0.043772
0.092172
0.120577
0.073879
0.100302
0.138761
0.160465
0.107356
0.117060
0.083226
0.054133
0.137081
0.048747
0.117807
0.038227
0.151660
0.097361
0.132733
0.139092
0.139495
0.099381
0.105314
0.143909
0.131815
0.117805
0.070103
0.116197
0.127287
0.130740
0.071802
0.126400
0.083867
0.111063
0.090894
0.058577
0.108698
0.107653
0.085366
0.081368
0.053139
0.091884
0.084806
0.138623
0.078048
0.100256
0.102176
0.182803
0.074986
0.112744
0.095614
0.115126
0.162980
0.067094
0.061993
0.079739
0.150104
0.075105
0.082068
0.131538
0.051093
0.123461
0.086449
0.139226
0.040946
0.043706
0.125624
0.092232
0.084573
0.152297
0.127321
0.032202
0.128066
0.144583
0.094397
0.133621
0.094230
0.132167
0.092159
0.095006
0.109975
0.127302
0.129797
0.086914
0.092830
0.134063
0.155574
0.131460
0.107138
0.064878
0.144263
0.136451
0.154747
0.143756
0.054566
0.139055
0.076124
0.113389
0.101729
0.089123
0.100837
0.062840
0.084201
0.108431
0.149883
0.082103
0.115820
0.080360
0.107886
0.103593
0.113693
0.044799
0.132902
0.111048
0.159632
0.123166
0.141244
0.072828
0.096657
0.105223
0.112520
0.138002
0.109519
0.115991
0.097104
0.060227
0.064511
0.113923
0.045766
0.088539
0.089947
0.088566
0.073583
0.078826
0.082298
0.057509
0.101835
0.149388
0.139797
0.120599
0.079446
0.155284
0.099375
0.135309
0.106706
0.150793
0.144545
0.121039
0.097326
0.115845
0.074770
0.141992
0.080175
0.120866
0.082166
0.122849
0.082729
0.088627
0.093011
0.131347
0.128887
0.119687
0.045668
0.089589
0.106676
0.130038
0.118889
0.109221
0.047511
0.098524
0.063738
0.082393
0.130518
0.074825
0.108847
0.086670
0.110020
0.083610
0.124089
0.074512
0.095875
0.094117
0.134490
0.051413
0.076646
0.133376
0.088901
0.155012
0.141834
0.106111
0.098394
0.090735
0.103564
0.112433
0.078382
0.188039
0.166227
0.119008
0.074347
0.054266
0.094971
0.131671
0.100119
0.092599
0.087073
0.064998
0.059477
0.106154
0.141661
0.101668
0.104105
0.079751
0.065965
0.126516
0.126220
0.066662
0.085711
0.135162
0.135292
0.111947
0.107932
0.070958
0.076273
0.041539
0.143731
0.124149
0.016747
0.142698
0.092890
0.100975
0.116196
0.132490
0.092624
0.059879
0.031301
0.125966
0.146830
0.051682
0.078336
0.122516
0.124370
0.061689
0.069689
0.066755
0.121295
0.032281
0.107346
0.079471
0.108824
0.113267
0.085416
0.148107
0.147410
0.098378
0.074255
0.154158
0.107557
0.114985
0.137862
0.064543
0.115794
0.163086
0.140942
0.115986
0.106887
0.148815
0.123067
0.064333
0.076049
0.045742
0.141284
0.093405
0.103273
0.094343
0.075072
0.110862
0.043211
0.103134
0.074515
0.159050
0.022978
0.124595
0.155948
0.078098
0.143545
0.161989
0.064657
0.136256
0.054710
0.128512
0.097550
0.106084
0.123898
0.108328
0.135488
0.135235
0.130683
0.133326
0.122569
0.094118
0.053280
0.084880
0.153207
0.050285
0.090309
0.142736
0.136977
0.104730
0.122321
0.137726
0.100851
0.138688
0.013531
0.126373
0.136815
0.146815
0.086090
0.093811
0.105382
0.110088
0.143429
0.097466
0.110904
0.071671
0.074959
0.162882
0.046912
0.103977
0.154637
0.135027
0.090924
0.056223
0.058291
0.100327
0.127403
0.132726
0.087836
0.089614
0.160743
0.083394
0.124566
0.106309
0.102876
0.120546
0.122930
0.113104
0.098191
0.124998
0.098851
0.114181
0.116642
0.064511
0.070553
0.095486
0.031994
0.164099
0.062734
0.112680
0.083054
0.070800
0.070849
0.089850
0.137505
0.058016
0.114029
0.108116
0.125466
0.007950
0.140884
0.093780
0.060354
0.123017
0.138945
0.125137
0.098618
0.079375
0.133530
0.125148
0.202559
0.136304
0.138027
0.134120
0.091223
0.091811
0.103832
0.152187
0.098212
0.107288
0.110888
0.051247
0.162196
0.067282
0.080281
0.072125
0.076899
0.174251
0.064076
0.104957
0.138053
0.083077
0.124616
0.113256
0.118361
0.099126
0.121475
0.126681
0.093098
0.128901
0.074800
0.119489
0.059247
0.105161
-0.001522
0.097756
0.102312
0.059799
0.165521
0.141695
0.079238
0.105197
0.116507
0.128788
0.068206
0.113387
0.125640
0.121562
0.090745
0.059931
0.090537
0.116906
0.100843
0.113293
0.034113
0.125001
0.113589
0.150347
0.102976
0.143386
0.110434
0.125326
0.096168
0.107891
0.125761
0.105030
0.013471
0.061341
0.089264
0.077765
0.110197
0.098891
0.084446
0.147476
0.080569
0.125150
0.078631
0.111848
0.128428
0.077071
0.178551
0.122961
0.089536
0.076618
0.120986
0.094841
0.123641
0.089055
0.105366
0.135964
0.142501
0.112005
0.166720
0.102947
0.085480
0.106509
0.084137
0.088918
0.141735
0.069531
0.049565
0.108342
0.119189
0.150941
0.080525
0.081933
0.109088
0.077268
0.064084
0.059048
0.086584
0.059927
0.078341
0.056110
0.064651
0.053596
0.103318
0.100329
0.093479
0.120860
0.102336
0.147550
0.140025
0.059332
0.134522
0.127259
0.096528
0.140171
0.117176
0.128488
0.056400
0.159874
0.149278
0.163980
0.096268
0.169198
0.120035
0.088201
0.099187
0.120231
0.109187
0.103657
0.150753
0.070632
0.092222
0.085996
0.037758
0.088308
0.112987
0.086868
0.087700
0.107148
0.092954
0.018758
0.135911
0.048652
0.126209
0.112750
0.135260
0.043472
0.091541
0.119843
0.130298
0.125873
0.140288
0.140842
0.119878
0.077292
0.154761
0.144023
0.146083
0.097559
0.056344
0.085515
0.076959
0.078837
0.028120
0.112354
0.157162
0.070877
0.104324
0.136722
0.081454
0.106426
0.091713
0.167301
0.083057
0.184949
0.133571
0.148020
0.147671
0.114549
0.083838
0.068506
0.136974
0.067511
0.090700
0.054741
0.102558
0.082027
0.082741
0.085216
0.093138
0.052518
0.125562
0.054147
0.081444
0.132188
0.042889
0.107041
0.098230
0.133200
0.107408
0.153216
0.094430
0.071038
0.126562
0.137518
0.084022
0.108589
0.112490
0.103314
0.145919
0.116410
0.128401
0.083458
0.126352
0.080345
0.084643
0.060127
0.068254
0.135700
0.152848
0.135507
0.137595
0.107004
0.156282
0.132040
0.107806
0.080415
0.044292
0.069353
0.099107
0.087526
0.100853
0.067203
0.102285
0.061768
0.117943
0.074695
0.165509
0.123163
0.065574
0.121501
0.115068
0.100418
0.057202
0.060673
0.085478
0.085343
0.112599
0.093094
0.114959
0.135101
0.063538
0.157804
0.092735
0.070729
0.155023
0.038451
0.066375
0.105514
0.107467
0.070771
0.070984
0.070259
0.069949
0.087920
0.072683
0.070760
0.111563
0.081990
0.083893
0.054996
0.109992
0.069235
0.113549
0.101138
0.150216
0.123398
0.088591
0.071068
0.082865
0.095647
0.067822
0.107699
0.150571
0.097989
0.104672
0.101547
0.110181
0.175586
0.047214
0.031442
0.043679
0.132769
0.110237
0.140350
0.132222
0.116276
0.091624
0.090278
0.114202
0.083261
0.150354
0.147136
0.146146
0.154691
0.123793
0.086072
0.060888
0.121156
0.088356
0.126187
0.077813
0.059232
0.137924
0.166937
0.076199
0.107330
0.101008
0.089519
0.126790
0.080951
0.158373
0.063480
0.130966
0.091441
0.088227
0.148094
0.127142
0.144404
0.166117
0.052644
0.125409
0.066618
0.111830
0.069215
0.068474
0.113418
0.132204
0.121977
0.055732
0.056809
0.105366
0.016715
0.137280
0.091013
0.080261
0.089751
0.117482
0.085783
0.127976
0.142022
0.123305
0.135321
0.095795
0.057128
0.066829
0.114113
0.102602
0.078190
0.103971
0.111014
0.079165
0.113447
0.175635
0.140763
0.125240
0.183911
